300
1
-9.058905
7.610934
5.458478
4.435605
102.437967
-22.311897
-48.056972
-13.760714
23.774804
-53.498520
68.085717
72.761253
6.461174
15.308076
58.600475
83.344783
-25.453780
98.586378
35.758512
-126.850318
126.273038
-52.498892
24.318035
-14.079236
57.977235
-51.157111
-62.956664
-59.562485
-133.710638
70.342718
94.161468
8.742733
2.732773
7.630133
77.426925
136.041436
101.137325
-35.910619
33.326033
-41.329483
68.568497
-49.519327
17.628228
0.650828
-112.962708
22.263227
5.048396
-14.061004
-3.197635
106.170139
-37.255389
15.851161
23.485164
101.047894
94.021203
62.603133
65.049436
25.342275
-36.799867
13.399843
53.834487
32.856055
-35.460240
65.882632
66.442380
-21.689294
38.006693
39.915726
138.439668
59.179759
11.943384
-47.750074
45.166560
12.733232
6.971906
70.442878
-7.357482
52.214956
63.662048
-78.147383
51.760424
62.185025
-20.243545
-0.859251
-30.327411
114.724517
81.470535
-6.724680
-9.720283
89.819135
-14.859752
83.886743
-12.477561
1.903911
127.819829
55.420294
19.546637
0.352046
130.225990
13.531154
-17.258661
46.488751
55.447140
0.933646
42.007878
73.633005
14.706078
4.881133
-9.608389
-31.308582
42.654094
84.267293
158.141373
-5.530641
101.904098
78.508620
90.545243
-21.948680
125.889445
-21.008050
66.415542
20.479040
71.789942
12.372092
108.600039
111.589903
68.261156
139.631312
93.220394
61.065550
107.982971
70.397081
57.416791
-114.177965
-52.056586
0.321994
63.383792
27.600183
-44.224743
21.576726
-27.797261
55.291857
77.368258
-118.995383
148.737076
103.203645
75.769993
6.610915
21.464149
-72.222140
1.442595
144.688531
-0.108712
59.891070
-27.548613
4.125035
10.452062
28.589722
-23.134986
0.244496
-51.887324
-26.148365
2.377531
26.659799
69.370471
-36.724330
48.432717
70.981183
95.932793
-19.509561
69.680240
2.409457
31.107582
23.874328
21.727693
30.660648
48.021289
29.082568
-92.186244
30.784902
93.194050
200.395338
-125.678310
62.997202
6.363506
50.781673
8.999199
9.912652
-5.332089
109.359186
23.650159
55.247573
18.850946
40.276973
163.834349
3.949608
94.770928
71.095637
73.555854
13.620774
77.003257
144.537314
45.673833
7.102428
-39.095222
10.025987
121.828647
-124.268902
54.897822
51.374388
-33.083715
102.885765
9.440805
12.190242
7.254108
134.351546
113.280958
77.925722
108.533859
-48.102956
48.353269
-20.868907
28.116901
64.813624
48.556767
26.999134
21.893380
-18.364740
134.596476
27.460619
-81.075644
12.831246
40.530017
2.149958
79.349703
16.621786
-39.542790
113.980720
6.407421
-15.322889
-0.542901
11.544748
74.867626
13.301784
-44.233490
56.800526
-11.356666
-34.194033
11.500055
3.931858
43.310890
52.995725
-115.956304
0.957547
-109.088099
9.898949
-9.491182
39.654739
-33.093591
3.638691
-105.835611
-8.716472
-25.203862
19.694329
3.064304
-39.884345
-9.567097
7.628564
174.752654
58.819653
112.022887
44.582682
-48.685859
11.347716
-127.521542
64.303909
-38.328836
1.268638
5.945517
37.782424
25.707228
-72.148371
28.295607
-0.169357
5.847102
172.122866
-50.003510
47.088346
99.165941
45.335748
-24.226293
37.062627
-24.978830
-3.287434
-83.056984
38.804451
-118.580940
161.066953
26.320653
66.365650
