10
50
-1.000892
1.070433
-0.232284
1.478671
1.410507
0.784856
-0.922514
-0.946815
-0.227280
1.483404
0.975010
-0.244850
1.663046
1.016084
0.567639
1.497745
2.191880
-0.773884
1.217524
0.507853
1.316220
-1.182449
0.033844
1.397682
0.131209
1.122398
1.030884
1.084712
1.960584
-0.961904
-0.543062
-0.642459
1.352074
0.250634
1.361372
0.549723
-0.340754
1.879026
0.202032
0.647350
1.199972
-0.249169
-1.132115
-0.283966
1.743512
-0.107298
-0.328394
1.752373
0.580550
-0.853551
0.357678
-0.673178
-0.518176
0.876813
1.983302
1.334003
-0.498220
1.088910
-0.195875
-0.605120
1.042454
1.873764
-0.252808
1.049067
1.230100
-1.073233
-0.896643
1.970649
2.165159
1.493167
1.333134
1.405567
-0.840348
1.261624
1.750740
-1.330114
-0.970384
-0.182376
2.020395
1.280952
1.056420
-0.718116
1.506122
1.010507
1.499955
1.661108
-0.165875
-0.932899
0.393434
1.440936
-0.405697
-0.563722
1.296843
0.513331
1.668701
-0.403408
0.837797
1.747355
-0.850114
0.567524
1.211329
0.915116
-0.864450
1.295812
1.124611
-1.052304
1.415694
0.665221
-0.125186
1.143122
0.101488
2.326175
1.698151
0.622103
1.644578
0.576138
-0.845489
-0.829148
1.765884
1.282665
0.500371
-0.990387
1.519946
1.700916
0.528547
0.618697
-1.198213
-0.793181
1.357450
-0.529252
1.076596
-0.571369
1.258732
1.169255
2.029562
0.372950
0.647317
1.008108
-1.045563
-0.546593
-0.239520
-0.028598
-0.570015
-0.615396
1.658958
1.133591
1.909109
1.659986
-0.932729
1.067914
1.134208
-0.719628
0.909537
0.531645
2.129549
-0.358615
-0.836579
1.356524
-0.135541
0.732236
-0.959556
0.052604
1.744004
2.235683
1.856072
0.772450
-0.172910
0.838083
1.461033
0.437169
2.210881
1.676954
1.339048
0.338768
-0.648652
-0.081426
-1.004104
-1.023104
1.248619
-0.929090
1.172851
1.548367
-0.845990
0.197477
0.185320
2.112277
0.609686
-0.259248
1.281075
-0.592878
1.369876
1.081173
-0.464911
0.809989
2.217314
-0.667862
-0.255151
0.532832
0.938250
1.280068
0.757310
0.496222
0.857106
0.151141
1.579383
1.649982
1.767644
1.532233
1.671145
-0.373652
-1.015885
1.029070
-0.751384
-0.630290
-0.893616
-0.196230
-0.816764
0.994775
1.682202
1.655442
-1.002585
1.300171
1.235996
0.217278
0.403108
1.038923
0.823502
1.390226
1.859764
-0.460903
0.539611
1.154001
1.225456
-0.159037
1.690789
1.140984
-0.338850
1.334877
0.280822
-0.169188
-0.537073
0.254480
-0.529447
0.001885
1.351037
-0.793902
-1.108151
1.779791
-0.772604
1.838763
1.591615
-0.496417
1.475353
1.159170
1.699040
0.355616
-0.096349
-0.965746
-0.432000
-0.776550
-0.114402
-0.383343
1.394979
0.426903
1.173767
0.590308
1.821813
-1.115081
1.798012
1.215115
0.950482
1.991980
-0.504701
1.491337
0.164406
-1.014677
1.963570
-0.034388
2.446035
-0.894337
-0.138557
1.570208
-0.396415
-0.675925
0.674180
2.186795
0.230423
0.920518
-1.002385
1.426039
1.654206
-0.306971
1.693575
0.856063
1.543398
0.026965
-0.076910
1.507941
0.323732
-0.728455
-0.713769
-1.065960
-1.077780
0.371774
1.726424
0.449498
0.511223
0.126691
1.411276
-0.648926
0.613737
0.333384
-1.062597
1.929289
0.842219
-0.293856
1.630079
-0.937083
0.051237
2.062685
2.193777
-0.966478
-0.243539
2.148124
1.273346
1.869828
0.531486
-0.771770
1.247576
1.460996
-0.771737
0.867945
1.350649
-0.725212
2.020518
1.056147
0.188190
-0.089961
-1.041737
-0.100081
-0.114067
0.124376
1.075444
-0.207408
1.091505
-0.702357
1.374429
0.879705
-0.271293
2.022113
-0.450611
-0.159218
1.773353
-0.427094
-0.900010
0.712780
-0.821507
0.487436
0.802741
0.823294
-0.091057
-0.663400
-0.501291
-0.463850
-0.591149
1.735867
0.803360
1.173014
-0.581650
0.477301
-0.658522
0.823277
-0.156641
-1.388348
-1.086627
0.850636
-0.271089
1.481696
-0.672942
0.233432
1.354783
-0.741323
1.197395
1.293797
0.460879
-1.482381
0.375965
1.352828
0.625718
-0.110690
0.251563
1.554894
-0.319411
0.835507
-0.533527
0.864085
0.555110
-1.630222
0.150470
0.934489
1.508936
1.078896
0.001182
-1.068061
1.500723
-0.181342
1.783282
-1.181254
-0.315706
-1.124601
0.448826
0.223623
-0.461572
0.486000
-0.509234
1.245717
-0.082369
0.581483
1.462630
-0.827638
1.725708
-0.498082
-0.540102
-0.106159
1.378140
-0.271295
1.334182
-0.010377
0.734750
-0.166266
-0.073082
-0.587647
-1.045254
1.297527
-0.307003
1.393615
-0.235959
-0.750270
1.141001
0.801317
-0.699188
-0.028555
-0.892002
0.124560
1.847546
-0.642988
-0.169300
0.555979
1.108021
-0.783621
0.880017
1.321053
0.213744
0.229590
-1.115985
-0.224653
-0.300135
1.764906
1.594483
-0.166995
-0.633735
-0.275813
-0.059128
-0.590595
-1.805303
1.291744
-0.785350
0.129342
-0.706112
-1.585727
-1.444357
0.394506
0.765076
-1.012571
1.237031
0.609588
0.576637
-0.390629
-0.785863
-0.749707
-0.520442
0.976767
1.352511
0.351319
-0.252669
1.207236
1.364463
0.206797
1.709431
0.879831
1.297656
-0.727816
1.302296
0.629703
0.254353
1.407110
-0.264542
0.738249
-0.006225
0.993610
