300
1
0.516328
16.199563
2.671535
5.871700
19.317261
16.585431
13.570042
12.129395
9.581569
20.137732
8.545915
4.304625
12.215661
14.425149
16.395495
18.314628
25.566424
26.098423
16.721357
14.442059
8.182732
5.805533
4.528124
11.070994
-0.389801
17.186579
5.568285
1.470794
3.731943
6.913093
26.629158
18.779599
3.888807
2.024284
19.860959
17.540833
6.324069
4.542762
-1.036363
6.039959
13.255985
13.696011
19.805687
22.033108
15.748795
16.204674
26.201902
13.506814
11.778004
3.421998
16.132442
-0.628750
6.400039
21.934663
17.828269
9.435438
10.865311
15.785956
15.408644
5.865406
1.825615
0.552733
14.732868
18.095352
19.131481
15.413327
8.115922
17.751058
13.981233
5.364481
4.891860
-2.636093
14.096252
-1.476201
27.049919
7.484496
7.970292
8.064659
7.721977
7.021892
15.310176
23.743521
13.208162
23.969783
10.335105
7.395289
20.637386
14.656000
21.790501
16.972281
15.960123
16.567701
15.637171
1.410011
13.344099
16.396411
20.896679
10.525347
5.966229
17.971364
5.087155
21.621495
0.582483
10.079488
12.139619
13.004500
19.114096
17.411588
24.767115
19.206198
13.836337
8.929770
18.274864
5.974655
18.930888
22.156149
7.738490
20.035812
12.223212
9.985423
4.386634
13.016842
16.751049
3.879468
22.411721
6.156582
18.260685
-3.157503
3.124442
15.225541
5.419588
2.512887
8.534914
16.544665
14.866635
25.075588
5.800964
8.547595
21.179561
7.081470
5.587029
10.450497
4.294498
20.783845
9.822416
5.647748
10.452262
12.568366
15.490542
9.989868
12.516031
2.129699
18.066399
4.996834
22.472726
7.953326
23.063438
7.636688
16.239101
16.481300
22.536053
-0.262358
1.313247
24.039963
15.460112
12.793869
19.595692
15.089673
19.487454
8.090583
12.932244
21.361130
6.167862
23.523499
3.460566
22.362501
18.767955
10.733324
9.815040
11.950620
19.459818
5.543743
0.461028
2.716109
6.778861
3.684699
8.389815
21.040260
3.678530
7.710325
20.624802
10.215044
8.119565
8.813994
-0.926299
21.989674
22.209011
12.257754
17.319915
9.680772
13.276482
11.590881
19.583477
25.962862
0.717037
16.834702
4.846527
18.125751
18.772292
21.853724
13.419432
14.224694
-0.434555
23.096492
19.362439
0.464280
15.880728
18.366985
22.068947
1.544875
19.300818
12.920490
2.942790
17.801424
22.561138
28.328090
23.048177
12.111580
3.063502
2.074340
3.852255
11.836469
13.170727
13.821207
18.376071
4.825598
13.796123
9.317649
2.259752
22.168654
16.322101
15.323188
16.813420
2.925963
14.767668
14.630309
2.477541
4.288355
14.939506
16.448255
1.059848
17.697349
1.865755
14.047435
9.447383
12.455809
19.127058
19.260096
14.722397
26.790333
2.640834
21.877488
6.442869
15.251298
12.425864
18.819689
18.842097
16.000887
14.624126
12.224058
5.896513
10.169332
1.342940
2.765335
9.750852
19.425990
14.280553
5.018106
10.810353
5.578942
-0.617613
16.359070
10.465196
12.102719
10.387423
8.372208
6.335554
18.819265
10.631504
4.775783
15.735283
18.225060
0.455431
16.621829
17.381937
17.992457
4.969197
15.422954
15.829476
21.249224
