10
300
-0.964049
0.200585
0.199637
0.576600
-0.247557
-0.036564
0.502076
-0.359363
-0.851663
-0.378249
0.205130
0.033493
0.439160
-0.249605
-0.921037
-0.074864
0.593144
0.446601
0.166687
0.958688
0.527534
-0.894377
0.411043
0.641235
-0.676598
-0.927388
0.116101
-0.956564
0.601572
0.697693
0.551233
0.545377
0.127502
0.020889
0.108056
-1.164427
-0.923720
-0.176504
-0.264552
-0.535241
0.726074
0.791950
0.177668
0.027706
-0.341637
0.640084
-1.038363
-0.488224
0.208810
0.586766
-0.536634
-0.119482
0.702726
-1.068723
-0.478921
-1.067647
-0.732566
0.623363
-1.089517
0.958685
0.579345
0.926172
0.495178
-0.340218
-0.202756
-0.320179
-0.107678
0.120163
0.505707
0.484305
0.602264
0.574274
0.416120
0.111821
-0.535528
-0.533668
-0.310817
-0.118234
0.099900
-1.156277
-0.439511
0.608249
-0.098376
-0.947806
-1.041550
0.570968
-0.945466
-0.761482
0.434674
-0.814536
-0.850408
-0.068975
-0.915226
-1.002765
-1.090319
0.150692
-0.414376
-0.129492
-0.684207
-0.714948
-0.589477
-1.102506
-0.979639
-1.016739
0.037717
-0.323623
-0.566976
0.638347
0.419427
0.588083
0.715298
-0.890727
0.608805
-0.196971
-0.653098
0.554724
-0.647503
-0.397350
-0.908577
-1.138943
0.057504
-0.436157
0.007850
0.309041
-0.551831
0.199297
-0.558187
0.502573
-0.888260
-0.125116
-1.087987
-0.284370
-0.082142
-1.138279
-0.322452
-0.875111
-0.262115
0.497965
-1.052187
-0.537030
0.426930
-1.126769
-0.284134
0.054518
-0.243501
0.214048
-0.002673
0.215397
0.742005
0.274818
0.258070
-0.062723
-1.087154
-0.437987
-0.856573
-0.330950
0.494197
0.043359
-0.920861
0.781002
-1.183112
-0.684978
-0.287753
-0.008455
-0.801560
0.394715
0.098853
0.084994
-0.022082
0.642855
0.503013
-0.581604
0.601112
-0.724092
0.735874
-0.708626
0.618380
0.012295
0.784367
0.545084
-0.611321
0.039799
-0.309377
-0.418606
0.818018
0.108123
0.239582
0.413323
-0.889040
0.620438
0.426863
-0.939953
0.941814
-0.676784
0.409402
-0.822957
0.725983
-0.498704
0.450133
0.137893
-0.760556
0.259062
0.563587
0.533874
0.903481
0.449262
-0.744155
0.507815
-0.350704
-0.986987
0.338631
0.156854
0.576487
-1.134064
-1.139058
0.324398
-0.085731
0.234948
-0.298573
0.138994
-0.097520
-0.522068
0.209149
-0.150287
-0.277665
-0.554316
0.245601
-0.271705
0.472670
0.030277
-1.004479
0.715886
-0.773266
0.660345
0.399950
-0.642095
0.463990
0.975801
-0.965422
-0.880424
-1.016759
0.167762
0.540794
0.754662
0.338715
0.543841
-0.017422
-0.436414
0.135326
0.779467
0.836111
-0.756617
-0.584362
-0.004795
0.274490
0.312020
0.800547
-0.246150
-0.739107
0.160761
-0.986393
-0.745963
0.060818
-0.605718
-0.819548
-0.386876
-0.327022
0.599253
-0.375505
-0.144480
-0.852915
-0.138375
-0.685071
0.919203
-0.393984
0.577541
0.519459
0.715730
-0.790711
-0.021699
0.730003
-1.056025
0.108576
-0.815961
0.343362
-0.209012
0.687523
0.146231
0.736461
-0.984476
-0.463762
0.620232
-0.480566
0.695458
-0.855361
-0.523234
-0.282641
0.217217
-0.682297
0.321531
-0.821379
-0.257685
-0.436530
-0.490183
-0.306472
0.344739
-0.841239
-0.573563
0.004279
-0.492928
0.485877
-0.257490
-0.301803
-0.221183
0.015316
-0.948922
0.530785
-0.300697
0.496667
0.647268
-0.162700
-0.900548
0.124193
0.382547
-1.021115
0.663372
-0.861717
-0.262059
-0.271708
-0.267854
-0.723003
-0.100925
0.643415
-0.180167
0.398275
-0.910821
-1.035799
0.743854
-0.573743
0.171833
-0.770552
0.936854
0.911837
-0.155355
-0.315573
-0.256063
0.049944
-0.955922
0.606094
-0.697504
0.501859
-0.555183
-0.592928
-0.402313
0.884776
-0.694199
-0.925071
1.002264
0.091707
-0.194977
-0.319552
0.470466
0.660467
-0.903319
-0.845305
0.108145
-0.767731
-0.612496
-0.315704
-0.341425
0.693710
-0.049028
-0.448031
0.551494
0.938951
0.301743
-0.664884
-0.211100
0.367185
0.899237
0.239575
-0.145415
-0.553079
0.534839
0.540852
-0.795126
0.969352
0.518276
-0.728325
0.036886
-0.629555
-0.074442
-0.541966
-0.941346
0.083823
-0.236767
0.206972
0.330425
0.000023
0.960895
0.925047
-0.431941
-0.098427
-0.476793
-1.022609
-0.223517
0.860472
-0.639164
0.545707
0.216381
-0.572320
-0.337569
-0.712126
-0.212482
-0.838090
0.764067
-0.015232
-0.960845
0.358265
0.268894
0.143927
0.811023
-0.914467
0.647762
0.801869
0.379028
-0.677615
0.119544
-0.545881
0.372068
0.032132
-0.578192
-0.865905
0.854364
-0.022301
-0.921406
-0.474718
-0.188075
-0.702428
-0.886923
-0.776090
-0.287534
-0.143921
-0.670604
0.613849
0.052836
-0.928182
-0.365681
0.105852
0.526950
1.113000
-0.893554
0.152840
-0.934479
0.841452
-0.065300
0.147635
-0.767796
0.894515
0.697765
0.706187
-0.074501
-0.890127
0.643015
-0.345325
0.118892
0.749668
0.458961
-0.996395
-0.726829
0.636253
-0.822595
0.098217
-0.593507
-0.459832
-0.303444
0.385886
-0.278481
0.438575
-0.695217
-0.726720
0.214247
-0.360606
0.319746
0.354818
-0.465963
-0.741963
-0.393662
-0.297499
-0.746105
-0.789548
-0.601989
0.223149
-0.605937
-0.936157
0.885261
0.478835
0.785204
0.240246
0.706261
-0.889713
-0.184550
0.871721
0.200186
0.112350
-0.589189
1.088729
-0.635749
0.137613
0.324435
-0.158504
0.325927
-0.368873
0.379325
-0.101969
1.134113
0.956892
0.077261
-0.452322
-0.451180
0.331794
-0.064387
-0.056080
-0.611765
0.210025
0.164252
-0.689889
-0.262558
-0.057017
0.788944
-0.555029
0.090652
-0.643381
-0.792850
-0.729310
0.586407
-0.313188
-0.665396
0.984332
0.862819
0.721027
-0.244625
0.174307
-0.680571
-0.746418
-1.007226
-0.731967
-0.782188
0.193531
0.050686
-0.132206
-0.436672
0.987826
0.769650
-0.078491
-0.015852
-0.106803
0.426054
0.915299
1.003288
0.121194
-0.788632
-0.048765
0.439960
-0.490981
0.320171
0.002930
0.271662
0.614946
-0.072567
0.162807
0.196626
0.818522
-0.589059
0.556498
-0.890022
-0.506622
1.126018
-0.746235
0.698730
-0.215590
0.050711
-0.930621
-0.546330
0.033356
0.263617
0.606031
1.218423
-0.434773
0.471827
0.831824
0.560068
1.060714
-0.270377
0.011656
-0.612009
-0.900807
-0.976174
0.574538
0.745055
0.043116
-0.282483
0.012652
-0.144859
0.036827
-0.353293
-0.191253
0.709964
-0.634191
0.043036
0.425247
0.430058
-0.550180
0.404863
1.007902
0.476248
-0.401683
0.188392
0.331840
0.300559
-0.056671
0.265249
-0.225110
-0.239358
-1.037539
0.762124
0.110409
-0.858851
0.875638
-0.224351
0.647655
-0.082442
0.648009
-0.123391
0.866315
-0.441744
0.125585
-0.170110
-0.603058
-0.998269
-0.933868
0.714914
0.125878
-0.599943
0.104119
0.200049
-0.968951
0.495420
-0.462568
0.473696
0.006287
0.545879
-0.459332
0.600492
-0.687951
-0.424836
0.716506
0.355780
-0.256974
0.585517
-1.071671
-0.259599
-0.464546
0.452047
0.398461
-0.756978
-0.633802
0.117670
-0.004745
-0.288445
0.238551
0.390199
-0.564804
-0.698833
0.723339
0.753848
0.518059
0.930382
0.512293
-0.989940
0.373373
-0.387315
0.544544
0.788705
-0.385790
0.628127
-0.280202
-0.620243
0.228218
0.469708
-1.113514
0.182331
-0.693350
-0.533084
-0.003810
-1.052409
-0.192947
0.769065
0.065016
-0.959260
-0.740165
-0.710693
0.349311
-0.470600
-0.271404
0.033286
-0.478995
-0.834938
-0.117374
-0.943175
-0.522056
-0.772121
-0.079544
-1.217056
-0.904189
0.549300
0.624681
-0.009240
-0.825286
0.032556
-0.266139
-1.141624
-0.584417
-0.010651
-0.314004
0.723384
0.139177
0.846244
0.147159
-0.582437
0.668350
0.404016
-0.123058
-0.102511
-0.850130
0.577502
-0.784823
-0.384815
-0.999241
0.006109
-0.189753
-0.607269
0.633039
0.653346
-0.309863
0.776437
0.464817
-0.293877
-0.182925
0.804967
0.789615
0.272552
0.678989
-0.614639
-0.418977
-0.290048
-1.000787
1.166515
-0.676114
0.196143
-0.520769
-0.944223
-0.385920
0.380141
-0.133570
-0.250402
0.039757
0.472570
0.298365
0.630946
-0.283874
-0.788430
-1.240789
-0.893134
-0.812113
-0.269398
0.734507
0.737975
0.614914
-0.201501
0.505820
0.188307
-0.702513
0.564189
0.818472
0.042118
-0.671245
0.744888
-0.013265
-0.351705
-0.182867
0.438283
0.090806
0.927630
0.040996
0.741125
-0.588288
-0.852364
0.321645
1.124422
0.474163
0.848527
-0.699838
0.624098
-0.876966
-0.608841
-0.206667
-1.002359
-0.677268
-0.533043
-0.235985
-0.814877
0.959415
-0.059694
0.830154
0.867592
-0.833279
-0.558685
0.233768
0.014738
0.016083
-0.367986
-0.483246
-1.133312
-0.675881
0.505481
-1.122352
-0.361844
0.972753
0.468352
-0.213905
0.593773
0.041834
-0.026252
0.353151
0.524568
0.532384
-0.700595
0.544128
-1.032726
-0.323955
-0.672274
-0.816981
-0.481493
0.600823
-0.968645
-0.686872
0.724382
-0.484642
0.862594
-0.131490
0.468071
-0.466958
0.484828
0.529431
-0.220508
0.180802
0.799051
0.673902
0.217305
0.016209
-0.685887
-0.152358
-0.696154
0.842138
-0.832756
0.705346
0.167371
-0.322051
0.362142
0.224258
0.167813
0.852303
0.665806
-0.825373
0.332669
0.382893
-0.739855
0.106551
-0.803745
-0.824624
-1.101047
0.540862
-0.406270
0.700097
0.605636
0.671447
-0.067762
0.285363
0.192808
-0.717332
-0.656115
1.066427
-0.026631
-0.334418
0.193270
0.611124
-0.442778
-0.305592
-0.643229
-0.891983
-0.985199
0.776612
-0.964699
0.414798
0.774527
0.283191
0.227513
-0.736851
-0.514775
0.453518
-0.656821
-0.444340
0.218499
0.102190
-0.704171
-0.213058
-0.348927
0.422222
-0.873024
-0.977754
0.681765
-0.504283
0.975481
0.008112
0.290454
0.590326
-0.523779
-0.961411
-0.884519
-0.191066
-0.834077
-0.673878
-0.424745
-0.778320
0.618873
-0.805500
0.828906
-0.084582
-0.400754
-0.743520
-0.514668
-0.052705
-0.149697
0.612613
-1.008564
0.119174
-0.559946
-0.325662
-0.488301
-0.342163
-0.122826
-0.934447
0.146507
-0.155623
-0.008022
-0.421101
-0.707818
0.285113
-0.375595
-0.608177
-0.741580
-0.113519
-0.166050
-0.234958
0.175680
-0.222852
0.366161
-0.208908
0.728343
1.123157
0.101745
-0.814452
-0.108218
1.030058
1.057869
-0.008901
0.168754
-0.507200
0.466488
0.669909
0.143149
-0.462164
0.705923
-0.514464
0.232664
-0.168659
-0.044130
0.621008
-0.716473
0.613063
-0.659009
-0.435584
-0.460264
0.198450
0.585901
0.598669
-0.910698
-0.136553
-0.506638
0.638979
-0.236002
0.645753
-1.037205
0.569360
0.540070
0.776397
-0.517747
-0.258068
-0.533498
-0.515431
-0.622071
0.636972
-0.139293
-0.825273
-0.758585
-0.660222
-0.055435
0.245554
0.709169
0.428339
-0.016580
-0.825090
-1.108316
0.443532
0.635494
0.556888
0.458319
0.743197
-0.408861
0.771961
0.479662
0.383983
0.428803
0.344142
0.030929
0.084883
0.442495
0.626281
0.669774
1.111387
-0.887375
-0.909020
0.514214
0.168572
-0.511662
0.749225
0.318096
0.543607
0.237985
0.676349
-0.234433
-0.752383
0.770717
-0.060886
0.570725
0.208563
-0.164504
-0.134533
-0.194752
0.332969
-0.097301
-0.622869
-0.106293
-0.697789
0.776806
-0.761326
0.710986
0.210478
-0.909805
0.233636
0.162004
-0.812636
0.418492
-0.155626
0.467348
-0.798601
-0.168958
0.102777
0.381311
-0.882687
-0.555588
-0.532303
-0.719568
-0.824578
0.670617
-1.052825
0.263400
-0.528658
-0.006010
-0.724930
0.775513
0.922229
-0.292245
-0.042643
-0.599013
-0.319074
0.022413
0.653531
-1.032602
0.116033
0.139692
0.527142
0.529352
-0.300634
-0.563242
0.406632
-0.324879
0.324973
-0.765473
-0.759209
0.440088
-0.304032
-0.343694
0.779050
-0.143285
-0.411795
0.650799
-0.716712
-0.108554
-0.180096
-0.264916
-0.166808
-0.372139
0.224347
0.710105
-0.012558
-0.963953
0.018310
-0.013451
-0.839381
-0.787181
-0.990209
0.470723
0.725420
-0.203458
-0.982836
0.153504
0.514957
0.365583
0.471589
0.665595
-0.127591
-0.911403
-0.257482
-0.401799
-0.039800
0.133831
-0.555873
0.540671
-0.924026
0.308133
-1.054655
-0.072368
-0.830170
0.518085
-0.205746
0.185555
0.602016
0.964111
-0.912502
0.656662
-0.844705
-0.870455
0.423721
-0.970924
-0.079024
0.507597
0.164110
-0.558485
-0.081021
-0.386768
-0.664687
0.977888
-0.284147
-0.100008
-0.381697
1.071362
-0.932146
0.029708
0.291936
-0.915466
-0.848817
0.232541
0.216773
-0.740612
-0.058446
-0.942402
0.592203
-0.261471
0.908514
0.684758
-0.457739
-0.819510
0.612109
-0.963137
-0.758204
-0.173609
0.370866
0.532719
0.533145
-0.811560
-0.845336
0.763804
-0.647159
-0.066626
-0.067741
0.081449
-0.012975
-0.206885
-1.061621
-0.875251
0.108105
-0.762958
0.391634
-0.793300
-0.403400
-0.353133
-0.795710
-0.822464
0.533167
-0.685118
1.034491
-0.749861
-0.428357
0.548706
-1.080215
-0.274741
-0.427596
0.822312
-0.753480
0.892048
-0.831293
-0.632776
0.623547
-0.331154
0.313820
-0.549737
0.665172
-0.844036
0.248113
0.758228
-0.684763
-0.628050
-0.794797
1.057373
-0.435734
-0.117716
-0.439689
-0.073490
-0.082423
-0.917376
0.299509
-0.246028
-0.834634
0.767131
-0.465606
-0.848303
-0.575891
0.142011
1.025837
-0.380950
-0.020147
-0.867871
-0.056791
-0.268763
-0.158440
-0.785010
0.059930
-0.183988
-0.477242
-0.530981
-0.557187
0.089551
-0.216168
-0.571241
-0.139637
0.235324
0.324259
0.479031
-0.968883
-0.405937
0.709287
0.332088
0.415067
0.872389
0.033844
0.860319
-0.887526
0.436640
0.167495
-0.951399
-0.742363
-0.858919
-0.909484
0.420120
-0.011376
-0.200397
0.770276
-0.853847
0.562778
-0.651875
-0.335836
-0.918748
0.469365
0.382009
-0.482240
-0.623735
-0.450946
-0.677768
-1.112492
-0.090890
-0.248707
0.913289
-0.794219
-0.723944
0.560202
0.457327
-0.781241
0.646134
0.434796
0.204608
0.738437
0.956676
0.316882
0.922463
0.259816
-0.757073
-0.150250
-0.043053
-0.490018
-0.460842
0.579508
0.165404
-0.545262
-0.178361
-0.169445
0.245722
0.567841
0.445086
0.242780
0.384814
-0.722876
-0.753629
0.054936
-0.210468
-0.574213
-0.341295
-0.485791
-0.453082
-0.545643
1.002235
0.470653
-0.860622
0.644423
-0.036060
-0.794239
0.043157
0.397169
-0.153216
-1.010900
-0.827004
0.547601
0.612564
0.454748
-0.768113
-0.267042
-0.905030
0.295155
-0.848417
0.494425
-0.224618
0.675635
-0.968036
-0.033046
-0.224288
-0.095282
0.222020
0.689733
0.393893
0.645865
-0.957251
0.711452
0.251814
-0.791510
0.372938
-0.384677
-0.750257
-0.614581
0.975700
0.287342
-0.662566
-0.903263
-0.262710
-0.692555
0.427865
-0.136738
-0.037590
0.660931
-0.622004
0.073913
0.375698
0.370982
-0.196484
0.624381
-0.616107
0.717121
-0.447769
0.546710
0.040865
-0.883908
0.303006
0.138985
0.513710
-0.241534
0.422874
-0.048503
0.097550
0.524926
0.495401
-0.027340
-0.234960
1.021266
0.145047
0.692309
-0.789409
-0.139234
-0.249286
0.265381
-0.497287
0.130509
-0.592454
-0.841094
-0.477937
0.328307
0.827723
-0.339600
-0.120920
-0.614600
-0.585879
-0.808594
-0.255509
0.585970
0.239276
-0.891166
-0.476838
-0.478759
0.244909
0.377351
-1.027959
-0.420708
-0.460788
0.242175
-0.548626
0.822377
0.120153
-0.349995
-0.558363
0.638840
-0.793027
0.221617
0.023923
-0.526963
0.341930
0.278872
0.855682
-0.089378
-0.774438
-0.389576
0.610361
-0.674264
-0.176341
-0.926569
-1.014377
0.843227
-0.818731
-0.398329
-0.410974
0.450598
-0.956711
-0.251869
-0.673527
-0.247932
0.832551
-0.245100
-0.605558
-0.157118
0.342633
-0.134560
-0.315945
0.644394
-0.783103
0.735303
-0.765959
0.466483
0.091184
-0.894229
-0.405298
0.193434
-0.198948
-0.826214
1.272097
0.652692
-0.667626
0.860657
0.754265
-0.097128
-0.818930
-0.696315
-0.793407
-0.471143
0.139949
-0.659569
0.140590
-0.117715
0.158965
0.561879
0.737804
-0.223612
-0.374152
-0.537456
-0.640268
-0.304435
-0.521837
-0.211765
-0.444279
0.505655
-0.259705
0.054455
-0.438069
0.756590
0.430452
-0.860937
0.230943
1.037468
-0.625347
-0.262099
-0.761168
-0.171358
0.009279
-0.525935
0.402444
0.878145
-0.083817
-0.498476
-0.222523
0.974840
0.756617
-0.595861
-0.354229
-0.472557
-0.147337
0.133684
0.164094
0.133654
0.667538
0.611207
-0.638560
-0.704158
-0.447601
0.049059
1.131576
0.843526
0.162240
0.042351
0.504274
0.452694
1.082329
0.769516
-0.597072
-0.294746
-0.932312
0.435111
-0.214841
0.416643
0.890353
0.423622
0.072360
0.374629
0.681234
1.088875
1.008004
-0.344793
-0.197710
0.206174
0.613372
-0.557141
-0.310242
1.090821
-0.271432
0.298004
-0.075400
-0.392154
0.238657
0.831731
0.688331
-0.280074
0.589554
0.481238
-0.503126
0.560788
-0.536520
-0.384817
-0.129444
0.299567
0.907777
-0.288966
-0.246986
-0.155864
-0.688109
-0.316076
-0.370015
1.077585
0.296671
0.522381
0.305407
-0.249885
0.534335
0.636981
-0.277555
-0.859753
-0.010715
0.498261
-0.101567
0.779140
0.529707
-0.385184
-0.641418
-0.110860
0.849974
-0.215253
-0.535360
-0.439761
0.283742
0.390058
0.542307
0.094379
0.883992
-0.426640
0.744289
1.207039
-0.286998
-0.815568
0.914879
1.306844
0.656829
-0.000054
-0.216529
0.279919
-0.252675
0.504725
0.373071
0.339461
-0.198178
-0.698674
0.131018
-0.532301
-0.512497
0.315493
0.175450
-0.455694
-0.937169
0.599314
0.020355
0.268823
0.068102
-0.361340
-0.711205
-0.129690
-0.155579
-0.676765
-0.250968
0.877414
-0.422053
-0.534806
0.373844
0.998374
0.425206
-1.144548
0.115741
0.966500
0.222329
-0.599067
0.128251
-0.885176
-0.625416
-0.550811
-0.555924
0.012809
0.739378
0.440643
0.363697
0.900671
0.037263
-0.883337
0.109789
1.002400
-0.082597
0.520787
-0.244381
0.647233
0.608512
0.802073
0.264344
0.950442
-0.806485
-0.486351
0.842969
0.501168
-0.227449
0.029600
0.423457
-1.107526
0.248403
-0.208201
-1.173668
0.933890
-0.020842
-0.454838
-0.039273
-0.349863
1.436339
-0.433507
-0.546128
-0.021318
-0.328031
0.465453
0.002649
0.462511
-0.068056
0.887415
0.122933
-0.652812
0.360289
-0.514810
-0.774886
0.302738
-0.111663
-0.818897
-0.182863
0.772146
0.253528
0.985162
0.843018
-0.479116
-0.379321
0.623710
-0.745127
0.531062
-0.769568
0.160528
0.797429
-1.143750
0.182176
-0.641978
0.159614
0.899769
0.564053
0.828825
0.809891
-0.711742
0.733779
-0.491097
-0.393406
-0.092243
-0.129522
-0.053151
-0.598451
0.586970
0.123420
-0.283998
0.193198
-0.812412
-0.412899
-0.157755
-0.335909
0.155356
-0.579336
-0.028828
-0.600234
-0.407323
0.956765
-0.655247
-0.150559
0.285847
-0.770353
0.622740
0.541506
0.876951
0.376602
-0.078309
1.091724
0.192385
0.158081
-0.274163
-0.855816
-0.985576
0.740984
-0.674035
0.839566
-0.475868
-0.243457
-0.077434
-0.213970
0.292005
0.633066
0.315290
-0.509402
-1.016538
-0.811467
-0.011208
-0.380221
-0.882270
0.106477
0.382273
0.394507
0.452015
-0.170059
-0.457044
0.220106
-0.611772
0.355804
0.262536
0.623274
-0.493289
0.803313
0.585533
-0.432603
0.291965
0.739765
-0.776568
0.811213
-0.514742
0.206177
-0.684895
-0.979102
-0.116469
0.844762
-0.385749
0.017393
-0.861559
0.647349
0.574297
-0.911117
-0.220774
0.036087
0.551958
-0.763198
0.975520
-0.665688
0.539697
-0.717604
0.859549
-0.289727
0.709145
-0.945036
-0.394071
0.547174
-0.273757
0.931089
0.195583
0.174967
0.663527
0.651166
-0.645726
-0.725324
0.790624
0.101575
-0.818094
-0.532521
-0.811855
-0.645908
-1.014599
1.206418
-0.347401
-0.137569
-0.020807
-0.709583
0.339898
-0.157303
-0.507793
-0.179062
0.235595
-0.681583
0.767019
0.126911
-0.465686
-0.587279
-0.480012
0.430743
-0.880375
0.577276
-0.644053
-0.894860
0.314992
-0.173137
-0.545238
0.287832
-0.913403
-0.398711
0.639529
-0.792330
0.210383
0.669372
-0.732351
0.839847
-0.326192
0.267782
-0.802806
-0.977712
-0.778310
-0.169587
0.105977
0.587247
0.242760
-0.057104
-0.390879
0.774321
0.177917
0.166650
0.301604
0.629005
-0.182123
0.957170
0.691569
-0.668823
-0.285270
-0.742198
0.778824
-0.388931
-0.012810
0.408965
0.078476
-0.825303
0.074187
0.311173
-0.893259
-0.992839
-0.367253
-0.716902
-0.812349
-0.058579
0.426030
0.323547
-0.483915
-0.433547
-0.748188
0.118433
-0.632423
0.696164
-0.684063
0.737132
0.162557
0.241617
0.506408
0.037249
0.620210
-0.727558
0.336034
0.262876
-0.073715
-0.491634
-0.242310
-0.964344
-0.253423
0.906523
0.506282
-0.035764
-0.896417
-0.594595
0.462069
-0.788073
0.527719
-0.304105
0.600217
-1.130624
0.362744
1.086378
0.153140
0.872890
0.688321
0.506873
0.644087
-0.086792
-0.141440
0.249611
-1.086564
-0.437109
0.474887
0.447057
0.773150
-0.589522
0.993176
-0.389673
-0.290303
-0.249829
-0.472484
-0.831816
0.789290
-0.318667
-0.373036
0.288045
0.031886
-0.834983
-0.891322
-0.303144
-0.927723
0.412363
-0.496783
0.360997
0.298193
-0.819617
0.021606
-0.135164
0.229294
0.835555
-0.940032
0.209956
-0.619610
0.534036
-0.356330
-0.842175
-1.006993
-0.450163
-0.167384
-0.220608
0.349464
0.435821
0.234843
0.314102
-0.779137
1.070866
-0.479286
0.194023
-0.782110
-0.370771
0.940454
-0.625903
-0.784153
-0.489303
0.806630
0.466575
-0.177017
-0.217507
-0.638864
-0.972109
-0.360858
-0.380187
0.381066
0.047952
-0.762735
-1.089854
0.549222
-0.682609
-0.255951
-0.816012
0.119041
-0.966688
0.829443
-0.464018
0.499403
-1.108728
-0.468602
-1.094623
0.400963
-0.523344
-0.285043
0.306119
-0.124621
-0.100944
1.075396
-0.267113
-0.448751
-0.171653
0.653724
0.058597
-0.058488
-0.622662
0.616975
-0.597603
0.567476
0.753530
-0.568281
-0.127330
-0.741718
0.181689
0.235891
0.463209
0.195034
0.094047
-1.062370
-0.408866
0.232059
-0.501270
-0.295995
-0.513140
0.122035
0.538066
0.826049
-0.983649
-0.491010
0.929981
-0.055184
0.100143
-0.431004
-0.607697
-0.825028
0.727186
0.026847
0.726171
-0.910435
-0.598926
0.852300
-0.590437
0.367767
1.073294
0.475019
-0.324555
0.476640
0.068502
1.063815
0.528730
0.973443
0.061661
-1.079938
-0.604575
0.818423
0.137004
-0.827026
0.878816
0.051867
-0.197028
0.561614
-0.781551
0.806799
-0.841920
-0.216220
-1.022757
-1.041555
0.981672
1.001451
-0.906850
-0.769783
0.513207
-0.267471
0.896057
0.326670
-0.513612
-0.421514
0.103669
0.298050
-0.450186
-0.435040
0.118248
0.514135
-0.290217
1.203555
0.323824
0.648361
-0.840935
0.463194
0.129400
-0.251404
-0.323927
0.197657
-0.362580
0.161208
-0.980918
-0.329365
0.209438
1.001297
-0.285337
0.511802
-0.732024
-0.895714
-0.790535
-0.816519
1.013026
-0.261665
-0.360926
-0.105154
-0.594114
0.412689
0.546224
0.781564
0.214085
-0.740509
0.688010
-0.442107
-1.069058
0.823665
-0.976911
-0.032816
-0.095061
-0.285399
-0.479599
0.418663
-0.981425
-0.342505
-0.695498
0.054208
-0.428013
0.177650
-0.381009
0.064611
0.478125
-0.256313
0.243314
0.176086
0.765111
-1.181345
-0.596726
-0.780330
0.686559
-0.960505
-0.961742
-0.265545
-0.648825
0.692261
0.405294
-0.394841
0.804326
0.576416
0.880355
-0.307715
-0.514749
-0.661502
-0.557991
-0.265481
-0.077592
-0.184820
-0.931931
0.679037
-0.996704
-0.415600
-0.348963
0.574871
0.781828
-0.847670
-0.028194
0.774776
-0.786911
0.515418
-0.951454
0.859276
0.527027
-0.759655
-0.715875
-1.078318
-0.956529
-1.058156
-0.353688
-1.021627
0.633023
-0.627505
-0.269585
-0.946652
-0.051072
0.191049
-0.211008
-1.076902
-0.727891
-0.035139
0.895601
-0.623458
0.648317
-0.245076
1.144271
0.559293
0.023947
-0.328747
0.335334
0.372044
-0.741044
0.438753
0.041366
-1.027446
0.789723
0.661054
-1.066281
-1.169476
0.396372
-0.223734
-0.967788
0.183314
0.284048
0.140283
0.197591
-0.746428
-0.602187
-0.740430
-0.733531
-0.615988
0.269908
-0.583817
-0.199532
-0.128682
0.121534
-0.136852
-0.191476
-0.844552
-1.036071
-0.850460
0.478253
-0.503877
0.917089
-0.459390
-0.543552
0.682827
-0.897900
-0.411252
0.692483
0.813441
0.212224
-1.181774
-0.016400
-0.687133
-0.164612
-0.766953
-0.030836
0.257834
-0.450571
0.331940
-1.063978
0.744458
0.530865
-0.037397
-0.102469
0.013429
-1.010992
0.850571
0.314641
-0.986007
-0.750226
-0.083922
-0.433469
-0.861584
0.727269
0.140345
-1.014485
0.715865
0.683864
0.732272
0.970792
0.154690
0.976480
-0.379282
0.778690
-0.063539
0.062607
-0.350090
-0.739277
0.913261
0.689201
-0.604461
0.745148
0.578589
0.406722
-0.352296
-0.537015
0.521458
-0.328965
-1.048602
0.525004
-0.196432
0.000372
-0.956701
-0.069449
-0.473710
0.410047
0.094969
-0.261738
0.136389
0.204346
-0.691778
-0.915548
0.039794
0.366382
-1.119728
-0.932076
-0.585407
-0.371353
-0.564973
-0.884104
-0.298105
-0.190395
1.032139
-0.702577
-0.846641
-0.337525
0.042932
0.689167
0.492872
0.122967
0.298923
-0.801653
-0.685836
0.697409
0.164987
-0.107333
0.000218
-0.735214
0.839736
-0.896332
0.353555
-0.492989
-0.321152
-0.427122
0.357724
-0.746639
-0.210736
-1.411632
0.151352
0.001293
-1.117685
0.895339
-0.787211
-0.728170
-1.057147
-1.019987
-0.056364
0.474561
-0.813161
-0.255525
-0.339085
0.549363
-0.462331
-0.007547
0.404684
-1.176908
-0.776035
-0.822371
-0.530359
0.942827
-0.814136
-0.730984
-0.662999
0.032936
0.050736
0.911787
0.669359
0.757691
0.667898
-0.264769
0.118258
-1.285290
-0.050750
0.217454
-0.801159
0.252305
0.427930
0.421415
-0.310651
-0.914700
0.627304
0.240104
0.704209
-0.529657
-0.638921
0.180699
-0.689230
-0.481149
0.407999
-0.055071
-0.506002
-0.835266
0.482039
-0.454800
0.309904
-0.190423
-0.288753
0.269887
-0.565617
-0.365332
-0.538220
0.652882
-0.095591
0.109586
0.068389
0.480297
-1.027318
-0.103624
-0.035066
-0.053807
-0.141066
-0.000025
-0.525028
-0.274837
0.205043
-0.122108
0.637024
0.749724
0.321245
0.656591
-0.060706
-0.975889
-0.829062
-0.721496
0.363273
0.340854
0.312052
-1.033062
-0.046973
0.445987
0.018964
-0.005619
0.325710
-1.211030
-0.687666
-0.277674
0.363669
-0.290727
0.715051
-0.539281
-1.280191
-0.027163
0.434949
-0.529095
0.604686
-0.124727
0.942869
0.348847
-0.287267
0.682444
0.065918
-1.163184
-0.724733
0.093554
-0.450515
0.175994
-0.129551
0.910496
0.552195
0.612600
0.412796
-0.396355
0.125819
0.316364
-0.123900
0.384927
-1.141467
-0.467542
-0.558153
0.755789
0.181294
-0.611892
-0.210212
-0.168775
0.112048
-0.357420
0.902249
0.238839
0.528750
-0.256420
-0.296499
-0.022301
-0.308362
0.048319
-0.567099
0.265659
-0.535530
0.320867
0.437073
-1.056699
0.022932
0.164207
0.020540
-1.094311
-0.579516
-0.996913
0.737613
-0.609523
-0.339630
-0.791053
-0.752686
-0.725728
-0.147739
0.059544
0.096338
-0.885164
0.342297
0.082829
0.273197
0.090743
0.968230
-0.996213
-0.798382
-0.430870
0.380532
-0.479300
-0.656910
-0.871060
0.911760
0.746838
-0.625896
0.022223
-0.195132
0.405793
0.388352
0.373185
0.610605
0.428418
-0.732844
-0.203342
0.833580
-0.575724
0.000712
-0.480787
0.280797
-0.955202
-0.468661
-0.005680
0.670028
-1.063824
-0.573278
0.619911
-0.627571
-0.527576
-0.730388
0.549354
-0.172858
-0.549669
0.543158
-0.248508
-0.604696
-0.890376
-0.731798
0.160396
0.880152
0.640837
-0.246170
0.829773
0.024003
-0.024092
-0.299784
0.050811
0.129422
0.866549
0.831817
-0.149538
-0.316503
-0.316494
0.700720
-1.296543
-0.718943
-0.867561
0.458380
-0.142926
-0.736071
-1.316633
-0.526100
0.423306
-0.279282
-0.749104
-0.200905
0.220854
-0.862379
-0.417436
-0.218819
-0.455482
-0.349441
0.297673
-0.856528
-1.302911
-0.822006
-0.456190
-0.018387
0.743326
-0.283497
-0.024053
-0.275110
0.084509
0.692050
-0.326674
0.028976
-0.848029
-0.176004
-0.358672
-0.092586
0.384572
-0.153064
0.527306
-0.081372
0.411792
0.882826
0.734318
-0.386240
-1.084183
-0.706354
0.443572
-0.299609
0.311635
-0.068951
-0.254125
0.209379
0.350814
0.732661
-0.334922
0.270706
-0.368287
1.101651
-0.691114
0.695817
0.679300
-0.155709
-0.129165
0.899742
0.933188
0.668331
0.044490
0.378982
-0.555816
-0.337809
-0.789948
-1.018787
-0.399868
-0.830961
-0.114704
-0.131775
-0.353997
-0.359897
0.642583
-1.164276
0.917379
-0.323000
0.557497
0.538054
-0.756126
-0.657925
0.138686
-0.220277
-0.720575
0.304778
-0.543977
1.068657
-0.593256
0.143441
0.872698
-0.634635
-0.083012
-0.230474
0.515129
0.204079
0.463537
0.741855
0.785337
-0.549787
0.683612
-0.448065
0.216943
-0.287710
0.302914
-0.054211
-0.390528
0.103520
0.326619
-0.936167
-0.351344
0.413920
-0.455105
0.749389
-0.688147
-0.274897
-0.141127
-0.250236
-0.235746
0.453444
-0.888018
-0.576936
0.741483
0.108393
0.429470
0.183623
-0.439550
0.032556
0.138116
-0.800579
0.136321
0.044122
-0.137925
-0.757186
0.586308
-0.862300
0.228700
-0.532560
0.306564
-0.401480
-0.173837
-1.035558
-0.878362
0.271978
0.601279
-0.542055
1.220539
-0.238167
0.424328
-0.270094
-0.758722
0.469386
-0.033127
-0.776668
-0.430727
-0.557886
0.074890
0.265422
0.362150
-0.582764
0.278910
-0.500462
0.609423
-0.854913
-0.165288
0.325433
-0.777839
-0.965500
0.893148
0.650755
-0.460727
-0.422799
0.681568
-0.102547
0.710657
0.449402
0.472162
0.332129
-0.574829
-0.168568
-0.947541
-0.201021
-0.712308
0.127995
-0.177852
0.171007
0.475460
-0.869037
-0.880516
0.111244
-0.266988
0.666698
0.417980
-0.719135
0.674254
-0.825883
0.532722
-0.677712
-0.562522
0.332541
-0.862857
0.008743
0.840773
0.700424
0.803922
0.183934
0.422835
0.308880
-0.266249
0.809562
-0.837595
-0.140860
-0.448850
-0.631639
-0.950967
0.447196
0.552435
0.506855
0.517068
0.514223
-0.587010
-0.641923
0.288208
-0.590162
-0.407599
0.264706
-0.505682
-0.759634
0.484064
-0.129537
0.568031
0.753697
-1.047971
0.191609
0.338677
-1.033539
-0.373723
-0.010114
0.641660
0.375275
-0.309745
0.674299
-0.855619
0.275821
-0.914524
-0.709568
-0.209318
0.678335
-0.740423
-0.552181
0.192262
-0.171269
-0.347591
-0.569659
-0.102749
0.373878
0.706439
0.514602
0.431861
0.735987
-0.643326
0.198277
0.177830
-0.431638
-0.321293
-0.234285
-0.287510
0.389136
0.895807
-0.800866
-0.192525
-0.437558
0.795393
0.017147
-0.907141
1.063127
0.276083
0.056883
0.397956
0.428632
0.247307
-0.197263
-0.855181
-0.882637
0.388332
-0.034421
0.282181
0.162196
-0.272308
-0.186976
-0.395119
0.225650
0.856707
0.967404
0.802808
-0.376711
-0.481057
-0.568564
0.643193
-0.688974
-0.300288
-0.702150
-0.219758
-0.479901
0.271324
-0.093448
-0.579013
0.021148
0.804182
-1.032848
-0.900720
0.117604
0.105034
-0.513062
0.293727
-0.815080
0.857704
-0.288850
0.576003
-0.620961
0.446320
-0.875291
0.705686
0.545638
0.622367
0.562023
-0.972405
-0.449479
-1.041123
0.565889
-0.147583
-0.232985
-0.850404
0.755960
0.198699
0.445962
-0.335377
0.885763
-0.562098
-0.735118
-0.994958
-0.254881
0.489392
0.068508
0.284127
0.062730
0.088624
0.171817
0.738082
-0.249602
0.703778
0.426597
-0.172307
