300
1
116.525665
-103.844604
-80.202911
-87.892899
4.103510
37.712738
120.601173
3.086766
61.356358
79.846016
-127.293854
6.527013
147.564133
7.323820
9.977099
103.908356
-23.818075
-9.590614
27.950754
1.176756
35.834267
16.544611
15.019619
51.405186
58.790970
-65.570854
7.281696
1.750651
22.205307
101.267014
29.254093
5.556097
117.012566
52.817173
87.271660
-56.574791
18.345573
52.630257
-12.465737
10.861111
-27.339226
-73.639648
-92.259163
-38.326305
10.240719
17.127676
60.439259
27.523088
16.654303
19.800055
3.232735
13.691328
3.846835
54.303482
57.294312
29.013823
17.074579
-11.512061
70.607376
22.709700
-108.154587
-66.305450
87.132790
44.471142
-11.851269
13.224814
10.104015
-135.265823
-57.118874
-114.167244
16.926905
14.382457
6.787307
98.287575
-51.941299
6.014855
37.989368
-53.671638
71.215736
64.075462
97.893166
23.167988
46.508232
-97.674828
0.527723
9.351477
35.033024
10.434770
-16.215574
12.356884
-70.491547
-11.260345
-18.971094
54.106140
-32.910244
100.846016
51.091679
25.624063
2.220533
130.957001
-33.502548
82.465340
-34.968288
19.778028
88.726303
-6.016907
38.313114
15.677571
68.635826
58.736248
20.492094
29.375959
-36.858170
-75.332695
-170.736740
38.177425
-83.574524
-126.400467
10.684580
109.451355
38.483582
-55.464813
32.892262
67.978195
17.420872
122.746391
70.583405
86.342125
63.746819
33.579536
-159.103531
18.393204
184.706085
51.538433
9.254226
140.648697
-87.974617
13.019997
168.205704
168.986618
-49.821510
21.454866
3.139121
86.277069
-56.516254
31.858479
87.718056
40.882153
36.883198
18.919502
-12.149623
21.758160
-2.464448
47.241913
39.587948
81.342949
125.052429
-17.681728
78.141357
-96.779289
74.006432
57.445217
33.241390
143.622025
-0.015757
4.041016
-73.922745
118.198906
87.049149
11.673265
11.786313
102.203407
-9.536750
-95.759689
-3.316129
21.352789
-17.041029
12.551819
33.126896
7.468222
-0.072125
-71.597664
59.907436
64.747017
-54.870571
75.875458
82.906601
8.101550
-73.515053
18.928324
20.223938
97.027802
1.441535
-14.961417
-60.223488
76.039551
11.495995
-13.952505
-72.614113
2.740295
-19.027044
39.123093
30.499159
110.848648
116.466736
47.310722
-9.742741
62.513519
35.778759
30.035976
78.462532
-31.901196
-60.623878
-23.316580
63.599270
-146.754639
126.139473
27.867283
19.381071
76.680634
9.467422
-114.929176
2.325993
90.456230
52.315376
12.736497
12.759293
65.884972
46.469322
67.144714
28.218424
-42.098419
-13.055815
-66.281288
102.540672
-2.707406
-83.576721
57.358788
35.477821
-5.603639
3.081511
41.576317
-44.437943
128.417725
-16.167776
14.907377
1.444702
-20.411751
14.981316
-5.741581
32.908726
9.300893
54.689468
17.030457
95.081169
5.148419
-4.944355
61.336899
0.143524
-35.673519
9.179035
-68.563942
116.842407
91.586098
-107.846603
-3.140088
-39.677532
7.760623
-33.013710
11.571936
-13.957263
-6.089334
3.823798
-59.736961
-14.809758
4.470248
-0.123618
5.840140
-24.067421
-63.496563
-23.956614
-142.512665
61.789570
64.816734
19.454025
92.600838
-0.634869
14.875864
69.152588
33.593937
7.983415
95.989960
-26.103291
96.951988
27.764004
44.296989
-7.504479
-35.611649
57.798531
-4.732309
