10
50
-0.168583
0.640773
-0.346624
0.740932
0.131651
-0.242783
1.057422
1.148206
-0.817322
0.551215
0.064936
0.403802
-0.888200
-0.342028
0.526721
0.579371
0.420362
0.323652
-0.034010
0.671176
0.817448
0.283096
0.899281
0.424674
-0.530781
1.000942
-0.969377
0.185394
-0.854368
0.662240
1.081161
0.840456
0.585915
-0.237754
0.410463
0.063460
0.054278
0.978390
0.948205
0.698888
-0.627006
-0.581155
-0.006073
-0.804040
-0.879490
-0.257531
-0.858126
0.463934
0.995568
-0.747222
-0.607758
1.030796
0.506561
0.121423
0.930071
0.875384
0.958413
1.124326
1.319196
-0.398933
-1.000900
0.589023
-0.442765
-0.727646
-0.788596
0.196391
-0.697462
1.050711
1.011443
1.156527
-0.903894
0.886604
0.848122
-0.007610
-0.706845
0.264023
-0.084066
-0.954047
0.746114
-0.541206
0.334270
0.025021
1.053158
-0.575351
0.401554
-0.065436
-0.928021
1.043257
-0.110489
1.053424
-0.675425
0.011922
0.500639
-0.278348
-0.480531
-0.076383
1.062245
0.243660
0.587724
-0.909078
0.861467
0.126032
1.205869
0.610613
0.226561
0.015260
0.742866
-0.227506
0.447500
-0.260919
-0.975076
1.218441
0.014160
-0.152083
0.761096
-0.811637
-0.462782
1.207541
-0.971723
1.091119
1.054341
-0.555665
0.206615
0.946560
-0.598581
0.089862
1.022270
-0.475749
0.056836
-0.862588
-0.388943
1.082715
1.261923
0.253596
0.237465
0.895835
0.226013
-0.068993
-0.443213
0.262799
-0.634544
1.141591
0.095935
0.303599
0.543784
-0.713604
1.110597
-0.512978
-0.746266
-0.353233
0.652741
-0.040358
0.383833
-0.091336
0.831664
-0.239217
-0.562012
0.824963
0.353102
0.224143
-0.756472
0.644389
1.137196
-1.048958
-0.153280
-0.662931
1.158768
-0.022928
0.659508
0.746511
-0.965138
-0.453630
0.018719
-0.042996
-0.476309
0.587031
1.082481
0.465894
-0.219931
0.818665
-0.280651
-0.823567
0.959314
-0.107601
0.668283
-0.349186
0.520169
0.913344
-0.750559
-0.204531
-0.559354
0.717123
0.741723
0.642438
-0.150223
1.004353
-0.601285
-0.917693
0.315852
0.832065
0.382160
-0.196978
0.094459
0.013688
-1.001892
-0.768037
-0.990249
-1.217164
-0.402030
0.234597
-0.215958
-0.368529
0.805073
0.441194
-0.102289
-0.105591
0.111527
0.361375
-0.083233
-0.148558
-0.480593
0.784008
-0.600400
-0.442557
1.104926
-0.764067
-0.449411
1.101257
-0.211877
-0.812200
0.320274
-0.592494
-0.008093
0.749457
0.236463
-0.242304
-1.099843
1.007070
-0.690794
0.538607
-0.381905
0.208603
-0.302607
-1.007254
-0.888067
0.601091
-0.514081
0.885550
-0.990017
0.236731
0.700677
-0.913066
-1.208092
-0.152637
-0.432754
0.665611
0.414715
-0.165607
-1.226360
-0.513785
-0.655301
-1.223904
0.638086
-0.623503
0.735727
-0.244990
-0.815264
0.483735
0.515656
-0.917011
-0.226250
-1.057831
-0.301898
0.717485
-0.399995
0.567224
-1.109531
0.315281
0.350661
-0.526204
0.270650
-0.850964
-1.119106
0.880492
0.335337
-0.259926
-0.709947
-0.943090
0.400030
-0.531682
-1.212419
0.084008
0.955245
0.868946
-0.022933
0.666257
0.973569
0.890820
0.189716
0.036434
-0.730557
0.621382
0.601193
0.531748
-0.693536
-0.895320
0.533103
0.646200
0.659231
1.028724
-0.846516
-0.225264
-0.939820
0.893378
0.524291
0.186228
1.075584
-0.878993
0.774381
0.027532
0.122576
1.030649
0.388945
-0.854752
-0.412942
-0.556159
-0.680892
0.384833
0.991798
0.568960
-0.427300
0.472125
0.264838
0.440020
0.700109
0.972164
0.693854
0.216572
-0.525986
1.157759
0.441185
0.863505
0.721156
-0.092068
-0.807061
-0.089714
1.185503
-0.412345
-0.679842
0.502873
0.080015
0.954096
-0.213027
1.232417
0.285576
-0.838098
0.023426
-0.146058
-0.782030
0.366540
-0.909769
0.481766
1.019113
1.064421
0.377368
-0.285166
-0.007851
0.550345
0.010871
1.043454
-0.379867
-0.849606
1.170607
0.936130
0.652854
-0.626477
-0.452978
-0.518072
0.674917
1.048116
1.094338
0.536702
-0.063224
0.001194
1.327010
-0.133579
0.671420
-0.190799
-1.034894
0.896687
1.280667
1.252862
-0.234753
0.537538
-0.594730
1.232721
0.103700
0.588505
-0.036305
0.603899
0.294944
0.139474
-0.288994
0.486594
0.258387
-0.957691
-0.683501
1.049684
1.194367
-0.663390
0.239243
-0.465626
0.349674
-0.892447
0.699362
0.331589
1.287922
0.937162
-0.356191
0.619149
0.471797
-0.593389
-0.578544
0.707439
0.301610
-0.944157
0.829521
0.330514
-0.694894
-0.625060
0.664234
-0.815295
0.421278
-0.915035
0.100397
1.225168
0.971998
1.198633
0.442631
0.243217
0.520915
0.263669
0.816380
0.937584
-0.514235
0.646819
0.202638
0.787422
0.277475
1.106370
0.421392
-0.197899
0.036391
-0.676202
-0.842880
0.975964
0.603026
-0.764142
0.037315
-0.456066
-0.391614
-0.972309
-0.388600
0.612747
0.860460
0.447157
-0.658543
-0.464718
0.715597
-0.106871
0.096925
-1.071426
-1.245360
0.173998
1.002953
-0.374258
0.701913
0.016368
-0.301296
-0.227310
-0.696016
-0.156150
-1.233919
0.822267
-0.694248
-0.397620
-0.861818
-1.012369
-0.717197
-0.374232
0.179193
-0.649041
0.765752
0.085355
-0.222904
-0.367589
-1.152218
-0.667939
-0.309661
0.445970
